res:
    test1a.png : 4.12308
    test1b.png : 2.75993
    test1c.png : 3.64168
