res:
    test3a.png : 0.144868
TotalTime : 0.144868
