res:
    test1a.png : 1.72077
    test1b.png : 1.67997
    test1c.png : 4.35146
