res:
    test1a.png : 1.73644
    test1b.png : 1.68191
    test1c.png : 1.69156
