res:
    test1a.png : 0.0761693
    test1b.png : 0.00266606
    test1c.png : 0.0176033
