res:
    test3a.png : 0.006901
TotalTime : 0.006901
